629551240586                    2629552.061 1240586.410       431.967
6005341                         2629530.091 1240565.210       432.590
629561240604                    2629561.677 1240604.799       431.967
6005403                         2629660.557 1240534.994       432.450
629660240536                    2629661.451 1240536.294       432.553
629620240492                    2629621.030 1240492.723       433.096
6005454                         2629615.354 1240494.568       433.020
6005406                         2629754.915 1240430.043       434.540
6005444                         2629812.499 1240383.844       435.182
6005407                         2629888.681 1240337.961       436.320
629887240337                    2629887.926 1240337.786       436.363
6004038                         2629610.738 1240313.605       440.526
629609240312                    2629610.299 1240312.896       440.468
629604240314                    2629605.245 1240315.202       440.343
629604240316                    2629605.335 1240316.597       440.342 
629603240317                    2629604.395 1240317.677       440.193
6005512                         2629656.740 1240351.405       438.796
6005456                         2629715.733 1240392.749       435.316
6005397                         2629774.603 1240036.045       435.437
6005282                         2629890.306 1239757.606       428.600
630256239784                    2630257.294 1239785.174       426.856
6005272                         2629976.217 1240224.163       439.910
6005271                         2629904.997 1240201.663       443.210
6005270                         2629830.587 1240176.333       447.410
6005269                         2629753.717 1240141.763       445.030
629607240107                    2629607.647 1240107.893       437.687
629607240114                    2629608.227 1240114.723       438.534
629614240116                    2629614.557 1240116.613       438.566
629621240114                    2629622.417 1240114.993       438.321
6005200                         2629529.889 1240202.665       442.100
629528240212                    2629528.550 1240213.038       441.889
629522240218                    2629523.124 1240219.124       441.804
629469240280                    2629470.239 1240280.936       438.784
629469240285                    2629470.299 1240285.516       438.573
629475240284                    2629476.079 1240285.036       438.484
629477240271                    2629477.889 1240272.226       439.104
629475240312                    2629476.312 1240312.297       437.165
629476240403                    2629477.070 1240403.448       434.303
629471240404                    2629471.740 1240404.788       434.323
6005339                         2629473.670 1240399.448       434.480
6005458                         2629423.983 1240476.275       433.084
6005392                         2629369.878 1240515.390       430.680
6005198                         2629467.330 1240359.747       435.100
629464240356                    2629464.920 1240356.937       435.267
6005482                         2629385.243 1240293.043       435.256
6005387                         2629431.319 1240229.796       438.800
629486240165                    2629486.939 1240166.095       440.349
6005398                         2629683.641 1240050.908       433.381



629551240586                    2629552.061 1240586.410       431.967
629561240604                    2629561.677 1240604.799       431.967
629660240536                    2629661.451 1240536.294       432.553
629620240492                    2629621.030 1240492.723       433.096
6005444                         2629812.499 1240383.844       435.182
629887240337                    2629887.926 1240337.786       436.363
629609240312                    2629610.299 1240312.896       440.468
629604240314                    2629605.245 1240315.202       440.343
629604240316                    2629605.335 1240316.597       440.342 
629603240317                    2629604.395 1240317.677       440.193
629607240107                    2629607.647 1240107.893       437.687
629607240114                    2629608.227 1240114.723       438.534
629614240116                    2629614.557 1240116.613       438.566
629621240114                    2629622.417 1240114.993       438.321
629528240212                    2629528.550 1240213.038       441.889
629522240218                    2629523.124 1240219.124       441.804
629469240280                    2629470.239 1240280.936       438.784
629469240285                    2629470.299 1240285.516       438.573
629475240284                    2629476.079 1240285.036       438.484
629477240271                    2629477.889 1240272.226       439.104
629475240312                    2629476.312 1240312.297       437.165
629476240403                    2629477.070 1240403.448       434.303
629471240404                    2629471.740 1240404.788       434.323
6005339                         2629473.670 1240399.448       434.480
629464240356                    2629464.920 1240356.937       435.267


30629551240586 
30629561240604 
30629660240536 
30629620240492 
306005444      
30629887240337 
30629609240312 
30629604240314 
30629604240316 
30629603240317 
30629607240107 
30629607240114 
30629614240116 
30629621240114 
30629528240212 
30629522240218 
30629469240280 
30629469240285 
30629475240284 
30629477240271 
30629475240312 
30629476240403 
30629471240404 
306005339      
30629464240356 

35629551240586 
35629561240604 
35629660240536 
35629620240492 
356005444      
35629887240337 
35629609240312 
35629604240314 
35629604240316 
35629603240317 
35629607240107 
35629607240114 
35629614240116 
35629621240114 
35629528240212 
35629522240218 
35629469240280 
35629469240285 
35629475240284 
35629477240271 
35629475240312 
35629476240403 
35629471240404 
356005339      
35629464240356 