11084040                        2629290.595 1241230.229       427.700
6005014                         2629554.364 1241381.831       426.900
629535241119                    2629536.207 1241119.765       427.243
629761241132                    2629761.902 1241132.921       427.379
6005499                         2629768.837 1241131.226       427.257
6005443                         2629930.474 1241119.493       426.898
6005522                         2629956.272 1241333.704       426.320
6005087                         2630170.840 1241105.203       426.360
630161240908                    2630162.409 1240909.097       426.965
6005216                         2630160.329 1240906.527       427.060
6005213                         2629918.720 1240917.642       427.920
6005422                         2629741.555 1240946.416       427.010
629746240945                    2629747.031 1240945.985       427.013
6005034                         2629496.592 1240891.154       428.190
629504240890                    2629504.912 1240890.864       428.115
6005061                         2629278.533 1240734.653       428.790
6005390                         2629487.415 1240668.679       428.730
629521240638                    2629522.481 1240638.961       429.889
6005346                         2629701.130 1240702.761       435.340
629845240698                    2629845.820 1240698.420       434.776
6005516                         2629853.754 1240696.622       434.941
6005035                         2629990.938 1240585.878       437.570
630087240509                    2630087.758 1240509.566       439.805
6005067                         2630082.668 1240498.126       439.660
629708240474                    2629708.669 1240474.829       434.421
6005404                         2629707.080 1240477.810       434.310
629724240458                    2629725.176 1240458.498       434.480 
629682240500                    2629682.931 1240500.298       434.469
629484240535                    2629485.163 1240535.703       432.512
629474240533                    2629475.211 1240533.539       432.612
629472240522                    2629472.991 1240523.019       432.631
6005391                         2629325.223 1240515.154       430.200
629336240511                    2629336.710 1240512.217       430.508
629305240537                    2629305.813 1240538.015       429.343
629239240321                    2629240.205 1240322.028       432.599
629540240347                    2629540.879 1240348.017       437.174
6005491                         2629542.448 1240346.262       437.385
629545240348                    2629546.205 1240348.845       437.356
629544240349                    2629545.205 1240349.963       437.402
6005515                         2629724.535 1240294.849       443.141
629727240294                    2629727.804 1240295.169       443.109
629731240286                    2629732.261 1240286.762       443.224
629733240283                    2629734.374 1240284.249       443.356
629736240289                    2629736.678 1240289.278       443.366
629734240291                    2629734.698 1240291.633       443.261
629719240292                    2629720.458 1240292.723       443.041
629717240290                    2629718.330 1240290.860       443.091
629717240285                    2629718.185 1240286.082       443.119
629696240271                    2629697.028 1240272.218       443.794
629696240267                    2629697.417 1240267.907       443.794
629684240261                    2629684.611 1240261.351       444.166
6005514                         2629685.609 1240257.627       444.200
629682240254                    2629682.704 1240255.031       444.223
629679240257                    2629680.399 1240257.665       444.289
629932240306                    2629933.469 1240306.930       436.634
6005529                         2629921.767 1240296.093       436.803
629925240296                    2629925.996 1240296.793       436.746 
629944240307                    2629944.672 1240307.641       436.806
630048240246                    2630048.805 1240247.072       438.623
6005409                         2630054.345 1240244.646       438.560
630061240250                    2630061.503 1240250.904       438.680
6005405                         2629717.798 1240162.442       445.050
629716240160                    2629716.891 1240160.362       444.847
629706240174                    2629706.729 1240174.520       445.552
629710240169                    2629710.639 1240170.206       445.387
629715240175                    2629715.818 1240175.357       445.513
629714240177                    2629715.366 1240177.956       445.647
629717240172                    2629718.148 1240172.814       445.409
6005201                         2629583.778 1240151.074       441.510
629566240156                    2629567.237 1240156.572       441.747
629567240160                    2629567.639 1240160.420       441.858
629556240180                    2629557.059 1240181.055       442.066 
629555240173                    2629556.039 1240173.475       442.117
6005196                         2629308.720 1240207.976       436.364
6005481                         2629303.496 1240218.284       436.133
629308240219                    2629309.158 1240220.026       435.961
630457239633                    2630457.950 1239633.780       427.691
630448239632                    2630448.520 1239632.370       427.628
11085480                        2630908.873 1240356.931       450.910
630908240355                    2630909.443 1240356.141       451.029
6005017                         2629448.024 1241607.706       426.780
629437241609                    2629438.147 1241609.278       426.489
629429241605                    2629430.393 1241606.147       427.036





629761241132                    2629761.902 1241132.921       427.379
629746240945                    2629747.031 1240945.985       427.013
629504240890                    2629504.912 1240890.864       428.115
629521240638                    2629522.481 1240638.961       429.889
629845240698                    2629845.820 1240698.420       434.776
6005035                         2629990.938 1240585.878       437.570
630087240509                    2630087.758 1240509.566       439.805
629708240474                    2629708.669 1240474.829       434.421
629724240458                    2629725.176 1240458.498       434.480 
629682240500                    2629682.931 1240500.298       434.469
629484240535                    2629485.163 1240535.703       432.512
629474240533                    2629475.211 1240533.539       432.612
629472240522                    2629472.991 1240523.019       432.631
629336240511                    2629336.710 1240512.217       430.508
629305240537                    2629305.813 1240538.015       429.343
629239240321                    2629240.205 1240322.028       432.599
629540240347                    2629540.879 1240348.017       437.174
629545240348                    2629546.205 1240348.845       437.356
629544240349                    2629545.205 1240349.963       437.402
629727240294                    2629727.804 1240295.169       443.109
629731240286                    2629732.261 1240286.762       443.224
629733240283                    2629734.374 1240284.249       443.356
629736240289                    2629736.678 1240289.278       443.366
629734240291                    2629734.698 1240291.633       443.261
629719240292                    2629720.458 1240292.723       443.041
629717240290                    2629718.330 1240290.860       443.091
629717240285                    2629718.185 1240286.082       443.119
629696240271                    2629697.028 1240272.218       443.794
629696240267                    2629697.417 1240267.907       443.794
629684240261                    2629684.611 1240261.351       444.166
629682240254                    2629682.704 1240255.031       444.223
629679240257                    2629680.399 1240257.665       444.289
629932240306                    2629933.469 1240306.930       436.634
629925240296                    2629925.996 1240296.793       436.746 
629944240307                    2629944.672 1240307.641       436.806
630048240246                    2630048.805 1240247.072       438.623
630061240250                    2630061.503 1240250.904       438.680
629716240160                    2629716.891 1240160.362       444.847
629706240174                    2629706.729 1240174.520       445.552
629710240169                    2629710.639 1240170.206       445.387
629715240175                    2629715.818 1240175.357       445.513
629714240177                    2629715.366 1240177.956       445.647
629717240172                    2629718.148 1240172.814       445.409
629566240156                    2629567.237 1240156.572       441.747
629567240160                    2629567.639 1240160.420       441.858
629556240180                    2629557.059 1240181.055       442.066 
629555240173                    2629556.039 1240173.475       442.117
6005196                         2629308.720 1240207.976       436.364
629308240219                    2629309.158 1240220.026       435.961
630908240355                    2630909.443 1240356.141       451.029

30629761241132
30629746240945
30629504240890
30629521240638
30629845240698
306005035     
30630087240509
30629708240474
30629724240458
30629682240500
30629484240535
30629474240533
30629472240522
30629336240511
30629305240537
30629239240321
30629540240347
30629545240348
30629544240349
30629727240294
30629731240286
30629733240283
30629736240289
30629734240291
30629719240292
30629717240290
30629717240285
30629696240271
30629696240267
30629684240261
30629682240254
30629679240257
30629932240306
30629925240296
30629944240307
30630048240246
30630061240250
30629716240160
30629706240174
30629710240169
30629715240175
30629714240177
30629717240172
30629566240156
30629567240160
30629556240180
30629555240173
306005196     
30629308240219
30630908240355

35629761241132
35629746240945
35629504240890
3629521240638
35629845240698
356005035     
35630087240509
35629708240474
35629724240458
35629682240500
35629484240535
35629474240533
35629472240522
35629336240511
35629305240537
35629239240321
35629540240347
35629545240348
35629544240349
35629727240294
35629731240286
35629733240283
35629736240289
35629734240291
35629719240292
35629717240290
35629717240285
35629696240271
35629696240267
35629684240261
35629682240254
35629679240257
35629932240306
35629925240296
35629944240307
35630048240246
35630061240250
35629716240160
35629706240174
35629710240169
35629715240175
35629714240177
35629717240172
35629566240156
35629567240160
35629556240180
35629555240173
356005196     
35629308240219
35630908240355
