306005481        
306005195        
306005391        
306005058        
306005511        
306005392        
306005458        
306005544        
306005198        
306005482        
306005387        
30629486240165   
306005201        
306005200        
306005420        
306005421        
306005491        
306004039        
306005509        
306005052        
306005405        
306005269        
306005438        
306005469        
306005515        
306005514        
306005495        
306005494        
306005456        
306005512        
306004038        
306005480        
306005454        
306005455        
306005406        
306005404        
306005403        
306005206        
306005516        
306005441        
30629796240739   
30629786240746   
30629783240742   
30629744240761   
306005038        
30629741240760   
306005346        
30629642240744   
306005341        
306005288        
306005342        
306005390        
30629452240636   
306005508        
306005034        
306005386        
306005395        
306005396        
306005394        
306005457        
306005422        
30629741240940   
306005545        
30629636240919   
306005388        
306005031        
30629638241166   
30629796241078   
306005499        
30629744241157   
30629736241161   
306005500        
306005418        
30629836241014   
306005393        
306005213        
306005419        
306005411        
306005443        
306005442        
306005296        
306005258        
306005436        
306005437        
306005529        
306005407        
306005408        
306005409        
306005271        
306005270        
