356005481         
356005195         
356005391         
356005058         
356005511         
356005392         
356005458         
356005544         
356005198         
356005482         
356005387         
356005201         
356005200         
356005420         
356005421         
356005491         
356004039         
356005509         
356005052         
356005405         
356005269         
356005438         
356005469         
356005515         
356005514         
356005495         
356005494         
356005456         
356005512         
356004038         
356005480         
356005454         
356005455         
356005406         
356005404         
356005403         
356005206         
356005516         
356005441         
356005038         
356005346         
356005341         
356005288         
356005342         
356005390         
356005508         
356005034         
356005386         
356005395         
356005396         
356005394         
356005457         
356005422         
356005545         
356005388         
356005031         
356005499         
356005500         
356005418         
356005393         
356005213         
356005419         
356005411         
356005443         
356005442         
356005296         
356005258         
356005436         
356005437         
356005529         
356005407         
356005408         
356005409         
356005271         
356005270         
