630161240908                    2630162.409 1240909.097       426.993

629448241609                    2629448.966 1241610.252       426.604
6005017                         2629448.024 1241607.706       426.780
629437241609                    2629438.147 1241609.278       426.517
6005535                         2628952.728 1241643.215       429.018
6005532                         2629389.443 1241805.058       427.718
6005542                         2629802.756 1241675.809       425.788
6005014                         2629554.364 1241381.831       426.943
6005521                         2629230.805 1241329.177       428.030
6005253                         2629517.873 1241101.946       427.170
629535241119                    2629536.207 1241119.765       427.303
6005522                         2629956.272 1241333.704       426.320
6005134                         2629928.531 1239567.962       429.140
6005282                         2629890.306 1239757.606       428.600
6005397                         2629774.603 1240036.045       435.437
6005398                         2629683.641 1240050.908       433.381
630256239784                    2630257.294 1239785.174       426.899
630448239632                    2630448.520 1239632.370       427.613
630457239633                    2630457.950 1239633.780       427.700
630689239656                    2630689.926 1239656.445       425.005
630678239647                    2630678.878 1239648.181       425.077
6005478                         2631000.331 1240056.437       433.224
6005525                         2630792.013 1240317.341       452.160
6005096                         2630513.787 1240729.303       440.950
6005524                         2630490.167 1240886.791       439.360
6005087                         2630170.840 1241105.203       426.360
6005523                         2629320.672 1240677.632       428.780
6005061                         2629278.533 1240734.653       428.790
629369240140                    2629370.189 1240140.905       437.941
6005082                         2629533.066 1240041.803       434.990
629515240029                    2629515.546 1240029.392       433.867
629516240024                    2629516.606 1240024.822       433.773
630187240439                    2630187.737 1240440.075       440.210
6005220                         2630283.457 1240484.045       441.270
6005414                         2630525.588 1239565.248       426.020



30629448241609
306005017     
30629437241609
306005535     
306005532     
306005542     
306005014     
306005521     
306005253     
30629535241119
306005522     
306005134     
306005282     
306005397     
306005398     
30630256239784
30630448239632
30630457239633
30630689239656
30630678239647
306005478     
306005525     
306005096     
306005524     
306005087     
306005523     
306005061     
30629369240140
306005082     
30629515240029
30629516240024
30630187240439
306005220     
306005414     


35629448241609
356005017     
35629437241609
356005535     
356005532     
356005542     
356005014     
356005521     
356005253     
35629535241119
356005522     
356005134     
356005282     
356005397     
356005398     
35630256239784
35630448239632
35630457239633
35630689239656
35630678239647
356005478     
356005525     
356005096     
356005524     
356005087     
356005523     
356005061     
35629369240140
356005082     
35629515240029
35629516240024
35630187240439
356005220     
356005414     

